1.0480402410030365e-01
2.2950023412704468e-03
2.2999003529548646e-02
1.6513900458812714e-01
2.4920105934143067e-03
4.5371010899543763e-02
2.6815401017665864e-01
2.3709982633590699e-03
6.8176999688148499e-02
3.0597501993179322e-01
2.4660080671310425e-03
8.6594998836517334e-02
6.4614501595497132e-01
2.3549944162368775e-03
1.7144899070262909e-01
7.0707201957702637e-01
2.4150013923645020e-03
2.3897899687290192e-01
9.1213801503181458e-01
2.3159980773925782e-03
2.6696199178695679e-01
1.2182760089635849e+00
2.4279952049255372e-03
3.4984900057315827e-01
2.4322470128536225e+00
2.4219900369644166e-03
7.2298000752925873e-01
3.4720050096511841e+00
2.3860037326812745e-03
1.0264889895915986e+00
4.6054130196571351e+00
2.3339986801147461e-03
1.3635939955711365e+00
6.9790050089359284e+00
2.5059878826141358e-03
2.0517739951610566e+00
8.0187540203332902e+00
2.3709982633590699e-03
2.3793560117483140e+00
1.1524558007717133e+01
2.3459941148757935e-03
3.4187050014734269e+00
5.6128399014472962e+01
2.3420006036758423e-03
1.6907442003488541e+01
1.1163567510247231e+03
2.8350055217742920e-03
3.3343332199752331e+02
1.1123936082020402e+04
2.7000010013580323e-03
3.2954248389899731e+03
1.1138260226000846e+05
2.6029944419860840e-03
3.3090807989999652e+04
 1590.9581 
  0
 288.8334 
  0
 1602.0955 
  0
  1256.2411
  14180.0550
  2445.5558
  0.3290
  0.3290
  0.3052
 1725.4837 
  0
 269.3657 
  0
 1595.9022 
  0
  853.7801
  15826.7932
  1347.2448
  0.2966
  0.3064
  0.2873
 1782.4326 
  0
 279.6857 
  0
 1638.5332 
  0
  459.3237
  14374.6838
  885.3563
  0.3185
  0.2887
  0.2912
 1815.9592 
  0
 277.5465 
  0
 1624.5121 
  0
  395.4435
  14112.8646
  763.0422
  0.3061
  0.3119
  0.3052
 1865.2723 
  0
 267.3838 
  0
 1632.6237 
  0
  234.1194
  16367.9396
  505.8253
  0.3145
  0.2893
  0.2954
 1874.7225 
  0
 283.1961 
  0
 1618.8336 
  0
  210.5485
  16592.9470
  425.8273
  0.2903
  0.3213
  0.2994
 1880.8569 
  0
 273.7685 
  0
 1638.9421 
  0
  168.1238
  15619.3027
  357.8258
  0.2558
  0.3036
  0.2948
 1891.0599 
  0
 281.6143 
  0
 1458.3799 
  0
  131.2573
  14409.4955
  343.7452
  0.2322
  0.3046
  0.3011
 1900.9480 
  0
 272.9112 
  0
 1648.6176 
  0
  91.3899
  17831.8049
  239.3148
  0.1537
  0.3233
  0.3174
 1866.5647 
  0
 287.4990 
  0
 1646.3975 
  0
  84.7860
  16408.5784
  212.5835
  0.1297
  0.3104
  0.3148
 1880.4648 
  0
 282.2218 
  0
 1542.9913 
  0
  87.6463
  15945.3796
  176.5551
  0.1160
  0.3100
  0.3323
 1893.3219 
  0
 286.3652 
  0
 1598.9299 
  0
  85.2602
  14782.9806
  180.3288
  0.1921
  0.3052
  0.3394
 1871.8539 
  0
 257.1669 
  0
 1647.7927 
  0
  155.3313
  14435.8851
  160.2826
  0.2018
  0.2911
  0.3301
 1873.7981 
  0
 285.2394 
  0
 1639.2822 
  0
  174.7168
  16670.8422
  161.5085
  0.2789
  0.3175
  0.3425
 1888.4901 
  0
 241.4684 
  0
 1621.5745 
  0
  280.5680
  13994.0492
  127.6501
  0.3806
  0.3118
  0.3460
 1892.4035 
  0
 236.8130 
  0
 1627.0135 
  0
  515.1393
  17463.9732
  270.6690
  0.3121
  0.3256
  0.2857
 1899.9711 
  0
 257.1252 
  0
 1653.8466 
  0
  539.0051
  17482.3008
  277.9399
  0.3052
  0.2964
  0.2849
 1901.9893 
  0
 228.1313 
  0
 1654.1547 
  0
  538.9669
  18718.3160
  277.0180
  0.3049
  0.3461
  0.2861
