5.5560171604156495e-03
3.5260021686553956e-03
2.0559877157211304e-03
9.1340094804763794e-03
3.8439929485321045e-03
3.8480013608932496e-03
1.3653010129928589e-02
3.6370009183883667e-03
5.7999938726425171e-03
2.3361012339591980e-02
3.6650002002716065e-03
7.3480010032653809e-03
3.2958015799522400e-02
3.7070065736770630e-03
1.4457002282142640e-02
3.9021015167236329e-02
3.5810023546218873e-03
1.8702000379562378e-02
6.2988027930259705e-02
3.7159919738769532e-03
2.8596997261047364e-02
6.0269013047218323e-02
3.4180134534835816e-03
3.0688002705574036e-02
1.1906100809574128e-01
3.9490014314651490e-03
6.2773004174232483e-02
1.8919600546360016e-01
3.6790072917938233e-03
9.9189996719360352e-02
2.4202901124954224e-01
3.7640035152435303e-03
1.3478000462055207e-01
3.4955300390720368e-01
3.8719922304153443e-03
1.9023899734020234e-01
4.0019601583480835e-01
3.5730004310607911e-03
2.1841101348400116e-01
5.8564302325248719e-01
3.6819875240325928e-03
3.9304700493812562e-01
2.8378580212593079e+00
3.5780072212219239e-03
1.6551849991083146e+00
5.7110873013734818e+01
4.5029968023300171e-03
2.9838823005557061e+01
5.6715303301811219e+02
4.1140019893646241e-03
2.9208083100616932e+02
5.6605910910218955e+03
4.4099986553192139e-03
2.9110573060065508e+03
 594.3468 
  0
 239.4978 
  0
 814.5737 
  0
  11898.3838
  14989.0560
  17859.0884
  0.3309
  0.3310
  0.2888
 786.9412 
  0
 250.2875 
  0
 722.2349 
  0
  8944.1643
  15653.5587
  8659.2399
  0.3440
  0.3204
  0.2937
 927.5026 
  0
 243.9713 
  0
 782.3101 
  0
  5926.3633
  14319.4591
  5931.0946
  0.3431
  0.3285
  0.3281
 966.4722 
  0
 251.2554 
  0
 855.8292 
  0
  5189.2241
  15960.2073
  5882.6735
  0.3337
  0.3205
  0.2754
 1086.8009 
  0
 249.9662 
  0
 903.4092 
  0
  3056.2721
  15560.3163
  3727.6220
  0.3435
  0.3281
  0.2853
 1104.9680 
  0
 236.5197 
  0
 913.8287 
  0
  2907.0899
  14938.3068
  4084.6359
  0.3354
  0.3330
  0.2880
 1092.0420 
  0
 254.4721 
  0
 929.7516 
  0
  2253.4970
  14232.2536
  3229.5192
  0.3227
  0.3075
  0.2924
 1152.8117 
  0
 250.5740 
  0
 959.4761 
  0
  2013.4001
  14626.7595
  3053.3545
  0.3333
  0.3354
  0.3159
 1174.0188 
  0
 230.9943 
  0
 980.4263 
  0
  1431.6420
  15163.4764
  2393.6970
  0.3439
  0.3141
  0.3108
 1187.4101 
  0
 242.8207 
  0
 935.5273 
  0
  1140.7698
  16581.9726
  2088.9061
  0.3624
  0.3382
  0.3341
 1123.6746 
  0
 247.6313 
  0
 951.3536 
  0
  1096.6510
  16326.0744
  1910.4285
  0.2590
  0.3397
  0.3394
 1205.9731 
  0
 246.1686 
  0
 968.1810 
  0
  931.2026
  15259.3609
  1908.0271
  0.3687
  0.3358
  0.3430
 1209.2902 
  0
 250.8248 
  0
 960.6556 
  0
  919.3912
  16638.9618
  1917.7798
  0.3668
  0.3404
  0.3375
 1048.6317 
  0
 244.0362 
  0
 967.6800 
  0
  849.5821
  14801.7691
  1720.1964
  0.3740
  0.3468
  0.3350
 1156.3382 
  0
 244.3468 
  0
 907.9380 
  0
  701.1923
  18074.0069
  1731.4563
  0.3791
  0.3105
  0.3229
 1217.2819 
  0
 205.4245 
  0
 989.1836 
  0
  1087.3685
  15270.6421
  3046.3682
  0.3122
  0.3494
  0.2793
 1223.7289 
  0
 224.0427 
  0
 1026.6480 
  0
  1144.0065
  14851.8854
  3230.7946
  0.3066
  0.3348
  0.2814
